circles:
    - [-2.344215721090851, -2.377775192564382, 0.9355746230095688]
x_max: 1.5
x_min: -2
y_max: 1.5
y_min: -2
